1 0 393
1 1 223
1 2 185
1 3 372
1 4 98
1 5 397
1 6 302
1 7 365
1 8 174
1 9 258
1 10 0
1 11 131
1 12 144
1 13 391
1 14 4
1 15 17
1 16 193
1 17 222
1 18 75
1 19 86
1 20 257
1 21 202
1 22 86
1 23 252
2 0 68
2 1 117
2 2 163
2 3 70
2 4 56
2 5 481
2 6 406
2 7 76
2 8 347
2 9 205
2 10 288
2 11 40
2 12 42
2 13 325
2 14 454
2 15 280
2 16 358
2 17 96
2 18 214
2 19 301
2 20 259
2 21 12
2 22 492
2 23 9
3 0 237
3 1 83
3 2 398
3 3 466
3 4 228
3 5 323
3 6 401
3 7 241
3 8 461
3 9 231
3 10 318
3 11 274
3 12 24
3 13 426
3 14 168
3 15 19
3 16 150
3 17 350
3 18 218
3 19 391
3 20 215
3 21 68
3 22 284
3 23 42
4 0 107
4 1 367
4 2 35
4 3 364
4 4 400
4 5 352
4 6 243
4 7 385
4 8 403
4 9 32
4 10 287
4 11 250
4 12 235
4 13 444
4 14 376
4 15 481
4 16 69
4 17 413
4 18 72
4 19 162
4 20 392
4 21 436
4 22 401
4 23 53
5 0 2
5 1 17
5 2 256
5 3 363
5 4 458
5 5 277
5 6 10
5 7 83
5 8 401
5 9 179
5 10 233
5 11 287
5 12 48
5 13 460
5 14 80
5 15 405
5 16 178
5 17 485
5 18 210
5 19 469
5 20 145
5 21 228
5 22 57
5 23 429
6 0 328
6 1 120
6 2 153
6 3 323
6 4 445
6 5 99
6 6 496
6 7 278
6 8 123
6 9 377
6 10 295
6 11 156
6 12 166
6 13 33
6 14 236
6 15 356
6 16 92
6 17 220
6 18 268
6 19 392
6 20 232
6 21 38
6 22 459
6 23 490
7 0 143
7 1 126
7 2 239
7 3 197
7 4 45
7 5 204
7 6 67
7 7 78
7 8 18
7 9 366
7 10 170
7 11 341
7 12 230
7 13 342
7 14 239
7 15 221
7 16 213
7 17 261
7 18 297
7 19 11
7 20 33
7 21 230
7 22 119
7 23 182
